2319,5
2319,4
2319,3
2319,2
2319,1
2319,0
2318,4
2318,3
2318,2
2318,1
2318,0
2317,5
2317,4
2317,3
2317,2
2317,1
2317,0
2316,4
2316,3
2316,2
2316,1
2316,0
2315,5
2315,4
2315,3
2315,2
2315,1
2315,0
2314,4
2314,3
2314,2
2314,1
2314,0
2313,5
2313,4
2313,3
2313,2
2313,1
2313,0
2312,4
2312,3
2312,2
2312,1
2312,0
2311,5
2311,4
2311,3
2311,2
2311,1
2311,0
2310,4
2310,3
2310,2
2310,1
2310,0
2309,5
2309,4
2309,3
2309,2
2309,1
2309,0
2308,4
2308,3
2308,2
2308,1
2308,0
2307,6
2307,5
2307,4
2307,3
2307,2
2307,1
2307,0
2306,6
2306,5
2306,4
2306,3
2306,2
2306,1
2306,0
2305,5
2305,4
2305,3
2305,2
2305,1
2305,0
2304,4
2301,4
2297,4
2296,4
2295,4
2304,3
2304,2
2304,1
2304,0
2303,3
2303,2
2303,1
2303,0
2302,3
2302,2
2302,1
2302,0
2301,3
2301,2
2301,1
2301,0
2300,3
2300,2
2300,1
2300,0
2299,3
2299,2
2299,1
2299,0
2298,3
2298,2
2298,1
2298,0
2297,3
2297,2
2297,1
2297,0
2296,3
2296,2
2296,1
2296,0
2295,3
2295,2
2295,1
2295,0
2294,5
2294,4
2294,3
2294,2
2294,1
2294,0
2293,4
2293,3
2293,2
2293,1
2293,0
2292,5
2292,4
2292,3
2292,2
2292,1
2292,0
2291,4
2291,3
2291,2
2291,1
2291,0
2290,5
2290,4
2290,3
2290,2
2290,1
2290,0
2289,4
2289,3
2289,2
2289,1
2289,0
2288,5
2288,4
2288,3
2288,2
2288,1
2288,0
2287,4
2287,3
2287,2
2287,1
2287,0
2286,5
2286,4
2286,3
2286,2
2286,1
2286,0
2285,4
2285,3
2285,2
2285,1
2285,0
2284,5
2284,4
2284,3
2284,2
2284,1
2284,0
2283,4
2283,3
2283,2
2283,1
2283,0
2282,6
2282,5
2282,4
2282,3
2282,2
2282,1
2282,0
2281,6
2281,5
2281,4
2281,3
2281,2
2281,1
2281,0
2280,5
2280,4
2280,3
2280,2
2280,1
2280,0
2279,4
2276,4
2272,4
2271,4
2270,4
2279,3
2279,2
2279,1
2279,0
2278,3
2278,2
2278,1
2278,0
2277,3
2277,2
2277,1
2277,0
2276,3
2276,2
2276,1
2276,0
2275,3
2275,2
2275,1
2275,0
2274,3
2274,2
2274,1
2274,0
2273,3
2273,2
2273,1
2273,0
2272,3
2272,2
2272,1
2272,0
2271,3
2271,2
2271,1
2271,0
2270,3
2270,2
2270,1
2270,0
2269,5
2269,4
2269,3
2269,2
2269,1
2269,0
2268,4
2268,3
2268,2
2268,1
2268,0
2267,5
2267,4
2267,3
2267,2
2267,1
2267,0
2266,4
2266,3
2266,2
2266,1
2266,0
2265,5
2265,4
2265,3
2265,2
2265,1
2265,0
2264,4
2264,3
2264,2
2264,1
2264,0
2263,5
2263,4
2263,3
2263,2
2263,1
2263,0
2262,4
2262,3
2262,2
2262,1
2262,0
2261,5
2261,4
2261,3
2261,2
2261,1
2261,0
2260,4
2260,3
2260,2
2260,1
2260,0
2259,5
2259,4
2259,3
2259,2
2259,1
2259,0
2258,4
2258,3
2258,2
2258,1
2258,0
2257,6
2257,5
2257,4
2257,3
2257,2
2257,1
2257,0
2256,6
2256,5
2256,4
2256,3
2256,2
2256,1
2256,0
2255,5
2255,4
2255,3
2255,2
2255,1
2255,0
2254,4
2251,4
2247,4
2246,4
2245,4
2254,3
2254,2
2254,1
2254,0
2253,3
2253,2
2253,1
2253,0
2252,3
2252,2
2252,1
2252,0
2251,3
2251,2
2251,1
2251,0
2250,3
2250,2
2250,1
2250,0
2249,3
2249,2
2249,1
2249,0
2248,3
2248,2
2248,1
2248,0
2247,3
2247,2
2247,1
2247,0
2246,3
2246,2
2246,1
2246,0
2245,3
2245,2
2245,1
2245,0
2244,5
2244,4
2244,3
2244,2
2244,1
2244,0
2243,4
2243,3
2243,2
2243,1
2243,0
2242,5
2242,4
2242,3
2242,2
2242,1
2242,0
2241,4
2241,3
2241,2
2241,1
2241,0
2240,5
2240,4
2240,3
2240,2
2240,1
2240,0
2239,4
2239,3
2239,2
2239,1
2239,0
2238,5
2238,4
2238,3
2238,2
2238,1
2238,0
2237,4
2237,3
2237,2
2237,1
2237,0
2236,5
2236,4
2236,3
2236,2
2236,1
2236,0
2235,4
2235,3
2235,2
2235,1
2235,0
2234,5
2234,4
2234,3
2234,2
2234,1
2234,0
2233,4
2233,3
2233,2
2233,1
2233,0
2232,6
2232,5
2232,4
2232,3
2232,2
2232,1
2232,0
2231,6
2231,5
2231,4
2231,3
2231,2
2231,1
2231,0
2230,5
2230,4
2230,3
2230,2
2230,1
2230,0
2229,4
2226,4
2222,4
2221,4
2220,4
2229,3
2229,2
2229,1
2229,0
2228,3
2228,2
2228,1
2228,0
2227,3
2227,2
2227,1
2227,0
2226,3
2226,2
2226,1
2226,0
2225,3
2225,2
2225,1
2225,0
2224,3
2224,2
2224,1
2224,0
2223,3
2223,2
2223,1
2223,0
2222,3
2222,2
2222,1
2222,0
2221,3
2221,2
2221,1
2221,0
2220,3
2220,2
2220,1
2220,0
2219,5
2219,4
2219,3
2219,2
2219,1
2219,0
2218,4
2218,3
2218,2
2218,1
2218,0
2217,5
2217,4
2217,3
2217,2
2217,1
2217,0
2216,4
2216,3
2216,2
2216,1
2216,0
2215,5
2215,4
2215,3
2215,2
2215,1
2215,0
2214,4
2214,3
2214,2
2214,1
2214,0
2213,5
2213,4
2213,3
2213,2
2213,1
2213,0
2212,4
2212,3
2212,2
2212,1
2212,0
2211,5
2211,4
2211,3
2211,2
2211,1
2211,0
2210,4
2210,3
2210,2
2210,1
2210,0
2209,5
2209,4
2209,3
2209,2
2209,1
2209,0
2208,4
2208,3
2208,2
2208,1
2208,0
2207,6
2207,5
2207,4
2207,3
2207,2
2207,1
2207,0
2206,6
2206,5
2206,4
2206,3
2206,2
2206,1
2206,0
2205,5
2205,4
2205,3
2205,2
2205,1
2205,0
2204,4
2201,4
2197,4
2196,4
2195,4
2204,3
2204,2
2204,1
2204,0
2203,3
2203,2
2203,1
2203,0
2202,3
2202,2
2202,1
2202,0
2201,3
2201,2
2201,1
2201,0
2200,3
2200,2
2200,1
2200,0
2199,3
2199,2
2199,1
2199,0
2198,3
2198,2
2198,1
2198,0
2197,3
2197,2
2197,1
2197,0
2196,3
2196,2
2196,1
2196,0
2195,3
2195,2
2195,1
2195,0
2194,5
2194,4
2194,3
2194,2
2194,1
2194,0
2193,4
2193,3
2193,2
2193,1
2193,0
2192,5
2192,4
2192,3
2192,2
2192,1
2192,0
2191,4
2191,3
2191,2
2191,1
2191,0
2190,5
2190,4
2190,3
2190,2
2190,1
2190,0
2189,4
2189,3
2189,2
2189,1
2189,0
2188,5
2188,4
2188,3
2188,2
2188,1
2188,0
2187,4
2187,3
2187,2
2187,1
2187,0
2186,5
2186,4
2186,3
2186,2
2186,1
2186,0
2185,4
2185,3
2185,2
2185,1
2185,0
2184,5
2184,4
2184,3
2184,2
2184,1
2184,0
2183,4
2183,3
2183,2
2183,1
2183,0
2182,6
2182,5
2182,4
2182,3
2182,2
2182,1
2182,0
2181,6
2181,5
2181,4
2181,3
2181,2
2181,1
2181,0
2180,6
2180,5
2180,4
2180,3
2180,2
2180,1
2180,0
2179,4
2176,4
2172,4
2179,3
2179,2
2179,1
2179,0
2178,3
2178,2
2178,1
2178,0
2177,3
2177,2
2177,1
2177,0
2176,3
2176,2
2176,1
2176,0
2175,3
2175,2
2175,1
2175,0
2174,3
2174,2
2174,1
2174,0
2173,3
2173,2
2173,1
2173,0
2172,3
2172,2
2172,1
2172,0
2171,5
2171,4
2171,3
2171,2
2171,1
2171,0
2170,4
2170,3
2170,2
2170,1
2170,0
2169,5
2169,4
2169,3
2169,2
2169,1
2169,0
2168,4
2168,3
2168,2
2168,1
2168,0
2167,5
2167,4
2167,3
2167,2
2167,1
2167,0
2166,4
2166,3
2166,2
2166,1
2166,0
2165,5
2165,4
2165,3
2165,2
2165,1
2165,0
2164,4
2164,3
2164,2
2164,1
2164,0
2163,5
2163,4
2163,3
2163,2
2163,1
2163,0
2162,4
2162,3
2162,2
2162,1
2162,0
2161,5
2161,4
2161,3
2161,2
2161,1
2161,0
2160,4
2160,3
2160,2
2160,1
2160,0
2159,6
2159,5
2159,4
2159,3
2159,2
2159,1
2159,0
2158,6
2158,5
2158,4
2158,3
2158,2
2158,1
2158,0
2157,6
2157,5
2157,4
2157,3
2157,2
2157,1
2157,0
2156,4
2153,4
2149,4
2156,3
2156,2
2156,1
2156,0
2155,3
2155,2
2155,1
2155,0
2154,3
2154,2
2154,1
2154,0
2153,3
2153,2
2153,1
2153,0
2152,3
2152,2
2152,1
2152,0
2151,3
2151,2
2151,1
2151,0
2150,3
2150,2
2150,1
2150,0
2149,3
2149,2
2149,1
2149,0
2148,5
2148,4
2148,3
2148,2
2148,1
2148,0
2146,5
2146,4
2146,3
2146,2
2146,1
2146,0
2144,5
2144,4
2144,3
2144,2
2144,1
2144,0
2142,5
2142,4
2142,3
2142,2
2142,1
2142,0
2140,5
2140,4
2140,3
2140,2
2140,1
2140,0
2139,4
2139,3
2139,2
2139,1
2139,0
2138,5
2138,4
2138,3
2138,2
2138,1
2138,0
2136,6
2136,5
2136,4
2136,3
2136,2
2136,1
2136,0
2133,4
2133,3
2133,2
2133,1
2133,0
2130,4
2130,3
2130,2
2130,1
2130,0
7,3
5,3
5,2
5,0
4,3
3,2
3,0
2,2
2,0
1,2
1,0
0,9
1,45
3,44
2,44
1,44
3,43
2,43
1,43
3,42
2,42
1,42
3,41
2,41
1,41
3,40
2,40
1,40
3,39
2,39
1,39
3,38
2,38
1,38
3,37
2,37
1,37
3,36
2,36
1,36
3,35
2,35
1,35
3,34
2,34
1,34
3,33
2,33
1,33
3,32
2,32
1,32
3,31
2,31
1,31
3,30
2,30
1,30
3,29
2,29
1,29
3,28
2,28
1,28
3,27
2,27
1,27
3,26
2,26
1,26
3,25
2,25
1,25
3,24
2,24
1,24
3,23
2,23
1,23
3,22
2,22
1,22
3,21
2,21
1,21
3,20
2,20
1,20
3,19
2,19
1,19
3,18
2,18
1,18
3,17
2,17
1,17
3,16
2,16
1,16
3,15
2,15
1,15
3,14
2,14
1,14
3,13
2,13
1,13
3,12
2,12
1,12
3,11
2,11
1,11
3,10
2,10
1,10
3,9
2,9
1,9
3,8
2,8
1,8
3,7
2,7
1,7
3,6
2,6
1,6
3,5
2,5
1,5
3,4
2,4
1,4
3,3
2,3
1,3
0,6
0,47
0,46
0,49
0,48
0,45
0,12
0,10
0,8
0,11
0,5
0,7
0,4
0,3
